image_width: 640
image_height: 480
camera_name: head_camera
camera_matrix:
  rows: 3
  cols: 3
  data: [668.830502, 0.000000, 349.711883, 0.000000, 669.791507, 249.708253, 0, 0, 1]
distortion_model: plumb_bob
distortion_coefficients:
  rows: 1
  cols: 5
  data: [-0.066909, 0.094987, -0.001761, 0.015270, 0.000000]
rectification_matrix:
  rows: 3
  cols: 3
  data: [1, 0, 0, 0, 1, 0, 0, 0, 1]
projection_matrix:
  rows: 3
  cols: 4
  data: [656.864097, 0.000000, 357.305849, 0.000000, 0.000000, 659.302205, 248.426606, 0.000000
, 0, 0, 1, 0]
